0 0.415455 0.210492 0.083818 0.110104
0 0.323159 0.291451 0.078488 0.108808
0 0.240068 0.406412 0.078004 0.106865
0 0.260901 0.540155 0.081880 0.104922
0 0.379360 0.415803 0.081395 0.082902
0 0.370640 0.562824 0.079457 0.111399
0 0.409884 0.709521 0.065891 0.105570
0 0.512355 0.738666 0.083818 0.092617
0 0.625969 0.760687 0.085271 0.097798
0 0.761386 0.746114 0.087694 0.098446
0 0.695736 0.611723 0.083333 0.091321
0 0.826066 0.607189 0.085271 0.121114
0 0.778343 0.441062 0.083818 0.094560
0 0.863857 0.326425 0.093023 0.107513
0 0.577519 0.205959 0.081395 0.088083
0 0.709545 0.219560 0.086725 0.117876
0 0.656250 0.365933 0.083818 0.093264
0 0.608043 0.506153 0.081395 0.117228
0 0.494671 0.464702 0.083333 0.092617
0 0.515504 0.596503 0.086240 0.103627
0 0.280039 0.678109 0.083333 0.098446
0 0.498062 0.328692 0.085271 0.102979
